%YAML:1.0
---
opencv_lbphfaces:
   threshold: 40.
   radius: 4
   neighbors: 2
   grid_x: 8
   grid_y: 8
   histograms:
      - !!opencv-matrix
         rows: 1
         cols: 256
         dt: f
         data: [ 0.109375, 0.295138896, 0.170138896, 0.425347239,
             0.123263888, 0.177083328, 0.140625, 0.559027791,
             0.0572916679, 0.024305556, 0.704861104, 0.213541672,
             0.104166664, 0.248263896, 0.173611119, 0.473958343,
             0.039930556, 0.0173611119, 0.670138896, 0.272569448,
             0.0798611119, 0.392361104, 0.175347224, 0.352430552,
             0.053819444, 0.00520833349, 0.414930552, 0.526041687,
             0.03125, 0.00173611112, 0.614583313, 0.352430552,
             0.10243056, 0.0642361119, 0.420138896, 0.413194448, 0.15625,
             0.194444448, 0.21875, 0.430555552, 0.0694444478, 0.015625,
             0.710069478, 0.204861119, 0.164930552, 0.25, 0.164930552,
             0.420138896, 0.0451388881, 0.055555556, 0.703125,
             0.196180552, 0.0972222239, 0.395833343, 0.128472224,
             0.378472239, 0.0902777761, 0.019097222, 0.394097239,
             0.496527791, 0.010416667, 0., 0.460069448, 0.529513896,
             0.116319448, 0.170138896, 0.248263896, 0.465277791,
             0.107638888, 0.0625, 0.348958343, 0.480902791, 0.0434027798,
             0.022569444, 0.732638896, 0.201388896, 0.170138896,
             0.154513896, 0.383680552, 0.291666657, 0.206597224,
             0.286458343, 0.260416657, 0.246527776, 0.0798611119,
             0.506944478, 0.0659722239, 0.347222239, 0.100694448,
             0.012152778, 0.237847224, 0.649305582, 0.0659722239,
             0.03125, 0.368055552, 0.534722209, 0.0868055597,
             0.368055552, 0.154513896, 0.390625, 0.0763888881,
             0.295138896, 0.206597224, 0.421875, 0.0954861119,
             0.239583328, 0.232638896, 0.432291657, 0.157986119,
             0.519097209, 0.119791664, 0.203125, 0.164930552,
             0.194444448, 0.612847209, 0.027777778, 0.046875,
             0.463541657, 0.267361104, 0.222222224, 0.135416672,
             0.326388896, 0.100694448, 0.4375, 0.10243056, 0.0694444478,
             0.206597224, 0.621527791, 0.133680552, 0.039930556,
             0.302083343, 0.524305582, 0.107638888, 0.0364583321,
             0.315972239, 0.539930582, 0.0572916679, 0.00520833349,
             0.623263896, 0.314236104, 0.126736119, 0.163194448,
             0.493055552, 0.217013896, 0.237847224, 0.244791672,
             0.241319448, 0.276041657, 0.104166664, 0.550347209,
             0.161458328, 0.184027776, 0.0416666679, 0.685763896,
             0.00347222225, 0.269097239, 0.0954861119, 0.192708328,
             0.026041666, 0.685763896, 0.0902777761, 0.0607638881,
             0.296875, 0.552083313, 0.0833333358, 0.0729166642,
             0.208333328, 0.635416687, 0.013888889, 0., 0.965277791,
             0.020833334, 0.125, 0.300347239, 0.397569448, 0.177083328,
             0.227430552, 0.15625, 0.314236104, 0.302083343, 0.09375,
             0.496527791, 0.234375, 0.175347224, 0.00347222225, 0.984375,
             0., 0.012152778, 0.0434027798, 0.512152791, 0.015625,
             0.428819448, 0.0850694478, 0.104166664, 0.269097239,
             0.541666687, 0.112847224, 0.0503472239, 0.253472239,
             0.583333313, 0.0069444445, 0., 0.977430582, 0.015625,
             0.00520833349, 0.109375, 0.770833313, 0.114583336,
             0.194444448, 0.213541672, 0.401041657, 0.190972224,
             0.022569444, 0.748263896, 0.0677083358, 0.161458328, 0.,
             0.998263896, 0., 0.00173611112, 0.0711805597, 0.645833313,
             0.00520833349, 0.277777791, 0.0902777761, 0.105902776,
             0.123263888, 0.680555582, 0.039930556, 0.00173611112,
             0.576388896, 0.381944448, 0.00347222225, 0., 0.980902791,
             0.015625, 0.144097224, 0.210069448, 0.375, 0.270833343,
             0.135416672, 0.185763896, 0.515625, 0.163194448,
             0.180555552, 0.244791672, 0.180555552, 0.394097239,
             0.00173611112, 0.928819478, 0., 0.0694444478, 0.039930556,
             0.71875, 0.012152778, 0.229166672 ]
      - !!opencv-matrix
         rows: 1
         cols: 256
         dt: f
         data: [ 0.109375, 0.260416657, 0.241319448, 0.388888896,
             0.0729166642, 0.0416666679, 0.571180582, 0.314236104,
             0.0815972239, 0.282986104, 0.322916657, 0.3125,
             0.0920138881, 0.012152778, 0.545138896, 0.350694448,
             0.0833333358, 0.319444448, 0.338541657, 0.258680552,
             0.0503472239, 0.00173611112, 0.447916657, 0.5, 0.013888889,
             0., 0.630208313, 0.355902791, 0.0364583321, 0.00520833349,
             0.520833313, 0.4375, 0.149305552, 0.131944448, 0.260416657,
             0.458333343, 0.135416672, 0.140625, 0.375, 0.348958343,
             0.133680552, 0.213541672, 0.442708343, 0.210069448,
             0.128472224, 0.114583336, 0.529513896, 0.227430552,
             0.123263888, 0.503472209, 0.151041672, 0.222222224, 0.09375,
             0.149305552, 0.335069448, 0.421875, 0.046875, 0.0069444445,
             0.517361104, 0.428819448, 0.0711805597, 0.0069444445,
             0.357638896, 0.564236104, 0.111111112, 0.135416672,
             0.272569448, 0.480902791, 0.0989583358, 0.0763888881,
             0.402777791, 0.421875, 0.164930552, 0.309027791, 0.203125,
             0.322916657, 0.170138896, 0.626736104, 0.133680552,
             0.0694444478, 0.020833334, 0.022569444, 0.868055582,
             0.0885416642, 0.105902776, 0.350694448, 0.15625,
             0.387152791, 0.0451388881, 0.055555556, 0.315972239,
             0.583333313, 0.0972222239, 0.0347222239, 0.204861119,
             0.663194478, 0.116319448, 0.053819444, 0.243055552,
             0.586805582, 0.078125, 0.053819444, 0.342013896,
             0.526041687, 0.0989583358, 0.0520833321, 0.611111104,
             0.237847224, 0.211805552, 0.369791657, 0.220486119,
             0.197916672, 0.185763896, 0.163194448, 0.404513896,
             0.246527776, 0.0972222239, 0.375, 0.0815972239, 0.446180552,
             0.109375, 0.147569448, 0.131944448, 0.611111104,
             0.0902777761, 0.0954861119, 0.225694448, 0.588541687,
             0.109375, 0.196180552, 0.107638888, 0.586805582,
             0.0503472239, 0.00868055597, 0.592013896, 0.348958343,
             0.00347222225, 0.0833333358, 0.734375, 0.178819448,
             0.267361104, 0.375, 0.206597224, 0.151041672, 0.171875,
             0.171875, 0.477430552, 0.178819448, 0.027777778,
             0.661458313, 0.0590277798, 0.251736104, 0.0885416642,
             0.354166657, 0.046875, 0.510416687, 0.0850694478,
             0.274305552, 0.0434027798, 0.597222209, 0.0902777761,
             0.121527776, 0.227430552, 0.560763896, 0.00868055597, 0.,
             0.973958313, 0.0173611119, 0., 0., 0.970486104,
             0.0295138899, 0.263888896, 0.236111119, 0.208333328,
             0.291666657, 0.185763896, 0.147569448, 0.368055552,
             0.298611104, 0.022569444, 0.84375, 0.00347222225,
             0.130208328, 0.015625, 0.850694478, 0., 0.133680552,
             0.119791664, 0.3125, 0.039930556, 0.527777791, 0.0642361119,
             0.00520833349, 0.649305582, 0.28125, 0., 0., 0.987847209,
             0.012152778, 0.100694448, 0.053819444, 0.723958313,
             0.121527776, 0.185763896, 0.138888896, 0.451388896,
             0.223958328, 0.128472224, 0.296875, 0.347222239,
             0.227430552, 0.026041666, 0.760416687, 0.019097222,
             0.194444448, 0.00347222225, 0.907986104, 0., 0.0885416642,
             0.0850694478, 0.347222239, 0.0416666679, 0.526041687,
             0.0902777761, 0.0815972239, 0.559027791, 0.269097239,
             0.164930552, 0.0416666679, 0.569444478, 0.223958328,
             0.293402791, 0.270833343, 0.0902777761, 0.345486104,
             0.078125, 0.026041666, 0.798611104, 0.0972222239,
