%YAML:1.0
---
opencv_lbphfaces:
   threshold: 40.
   radius: 4
   neighbors: 2
   grid_x: 6
   grid_y: 6
   histograms:
      - !!opencv-matrix
         rows: 1
         cols: 144
         dt: f
         data: [ 0.181640625, 0.323242188, 0.19140625, 0.303710938,
             0.123046875, 0.59765625, 0.1875, 0.091796875, 0.182617188,
             0.284179688, 0.25, 0.283203125, 0.153320313, 0.435546875,
             0.16796875, 0.243164063, 0.168945313, 0.34765625,
             0.247070313, 0.236328125, 0.0087890625, 0.04296875,
             0.809570313, 0.138671875, 0.275390625, 0.173828125,
             0.19140625, 0.359375, 0.120117188, 0.525390625, 0.181640625,
             0.172851563, 0.198242188, 0.396484375, 0.172851563,
             0.232421875, 0.180664063, 0.419921875, 0.200195313,
             0.19921875, 0.165039063, 0.501953125, 0.119140625,
             0.213867188, 0., 0., 0.90625, 0.09375, 0.123046875,
             0.108398438, 0.514648438, 0.25390625, 0.170898438,
             0.423828125, 0.176757813, 0.228515625, 0.248046875,
             0.1171875, 0.359375, 0.275390625, 0.1328125, 0.51171875,
             0.229492188, 0.125976563, 0.04296875, 0.682617188,
             0.060546875, 0.213867188, 0.0341796875, 0.103515625,
             0.432617188, 0.4296875, 0.0283203125, 0.005859375,
             0.641601563, 0.32421875, 0.162109375, 0.194335938,
             0.376953125, 0.266601563, 0.194335938, 0.107421875,
             0.463867188, 0.234375, 0.185546875, 0.487304688, 0.14453125,
             0.182617188, 0.1015625, 0.594726563, 0.112304688,
             0.19140625, 0.104492188, 0.303710938, 0.150390625,
             0.44140625, 0.0517578125, 0.0048828125, 0.729492188,
             0.213867188, 0.110351563, 0.427734375, 0.305664063, 0.15625,
             0.17578125, 0.163085938, 0.370117188, 0.291015625,
             0.159179688, 0.592773438, 0.0703125, 0.177734375,
             0.141601563, 0.536132813, 0.110351563, 0.211914063,
             0.099609375, 0.272460938, 0.143554688, 0.484375,
             0.133789063, 0.181640625, 0.4296875, 0.254882813,
             0.223632813, 0.150390625, 0.368164063, 0.2578125,
             0.221679688, 0.109375, 0.390625, 0.278320313, 0.130859375,
             0.590820313, 0.04296875, 0.235351563, 0.181640625,
             0.514648438, 0.146484375, 0.157226563, 0.232421875,
             0.2265625, 0.21484375, 0.326171875 ]
      - !!opencv-matrix
         rows: 1
         cols: 144
         dt: f
         data: [ 0., 0., 0.221679688, 0.778320313, 0.083984375,
             0.14453125, 0.549804688, 0.221679688, 0.0791015625, 0.65625,
             0.129882813, 0.134765625, 0.07421875, 0.677734375,
             0.0732421875, 0.174804688, 0.0126953125, 0.564453125,
             0.029296875, 0.393554688, 0.0341796875, 0.239257813,
             0.0576171875, 0.668945313, 0., 0., 0.184570313, 0.815429688,
             0.013671875, 0.135742188, 0.610351563, 0.240234375,
             0.0400390625, 0.849609375, 0.0458984375, 0.064453125,
             0.21484375, 0.424804688, 0.155273438, 0.205078125,
             0.0390625, 0.732421875, 0.00390625, 0.224609375, 0.07421875,
             0.178710938, 0.22265625, 0.524414063, 0.0234375,
             0.0087890625, 0.424804688, 0.54296875, 0.125976563,
             0.0361328125, 0.684570313, 0.153320313, 0.087890625,
             0.295898438, 0.407226563, 0.208984375, 0.274414063,
             0.239257813, 0.252929688, 0.233398438, 0.220703125,
             0.216796875, 0.293945313, 0.268554688, 0.248046875,
             0.180664063, 0.266601563, 0.3046875, 0.0390625,
             0.0302734375, 0.654296875, 0.276367188, 0.0283203125, 0.,
             0.903320313, 0.068359375, 0.0771484375, 0.083984375,
             0.596679688, 0.2421875, 0.23046875, 0.4140625, 0.171875,
             0.18359375, 0.165039063, 0.194335938, 0.3828125, 0.2578125,
             0.173828125, 0.25, 0.291015625, 0.28515625, 0.060546875,
             0.0146484375, 0.815429688, 0.109375, 0.138671875, 0.1328125,
             0.515625, 0.212890625, 0.155273438, 0.328125, 0.233398438,
             0.283203125, 0.23046875, 0.400390625, 0.130859375,
             0.23828125, 0.244140625, 0.249023438, 0.2109375,
             0.295898438, 0.2109375, 0.124023438, 0.34375, 0.321289063,
             0.0771484375, 0.021484375, 0.725585938, 0.17578125,
             0.186523438, 0.301757813, 0.212890625, 0.298828125,
             0.0810546875, 0.56640625, 0.1328125, 0.219726563,
             0.172851563, 0.47265625, 0.231445313, 0.123046875,
             0.237304688, 0.151367188, 0.234375, 0.376953125,
             0.306640625, 0.245117188, 0.1796875, 0.268554688 ]
      - !!opencv-matrix
         rows: 1
         cols: 144
         dt: f
         data: [ 0.0615234375, 0.0458984375, 0.341796875, 0.55078125,
             0.01171875, 0., 0.705078125, 0.283203125, 0.0078125,
             0.0029296875, 0.875, 0.114257813, 0.0654296875, 0.530273438,
             0.1640625, 0.240234375, 0.0078125, 0.838867188, 0.,
             0.153320313, 0.05859375, 0.0986328125, 0.455078125,
             0.387695313, 0.153320313, 0.259765625, 0.233398438,
             0.353515625, 0.078125, 0.103515625, 0.509765625, 0.30859375,
             0.0400390625, 0.33984375, 0.443359375, 0.176757813,
             0.227539063, 0.130859375, 0.467773438, 0.173828125,
             0.0966796875, 0.4296875, 0.228515625, 0.245117188,
             0.129882813, 0.155273438, 0.530273438, 0.184570313,
             0.150390625, 0.381835938, 0.197265625, 0.270507813,
             0.154296875, 0.03125, 0.5625, 0.251953125, 0.161132813,
             0.3984375, 0.1796875, 0.260742188, 0.21484375, 0.263671875,
             0.27734375, 0.244140625, 0.135742188, 0.329101563,
             0.3046875, 0.23046875, 0.154296875, 0.241210938,
             0.500976563, 0.103515625, 0.186523438, 0.325195313,
             0.19140625, 0.296875, 0.155273438, 0.0322265625,
             0.544921875, 0.267578125, 0.190429688, 0.486328125,
             0.064453125, 0.258789063, 0.201171875, 0.154296875,
             0.3671875, 0.27734375, 0.20703125, 0.216796875, 0.321289063,
             0.254882813, 0.181640625, 0.3203125, 0.32421875,
             0.173828125, 0.177734375, 0.390625, 0.155273438,
             0.276367188, 0.139648438, 0.021484375, 0.614257813,
             0.224609375, 0.166015625, 0.110351563, 0.266601563,
             0.45703125, 0.189453125, 0.280273438, 0.291992188,
             0.23828125, 0.138671875, 0.268554688, 0.350585938,
             0.2421875, 0.139648438, 0.254882813, 0.436523438,
             0.168945313, 0.176757813, 0.506835938, 0.0908203125,
             0.225585938, 0.124023438, 0.418945313, 0.23046875,
             0.2265625, 0.149414063, 0.126953125, 0.5625, 0.161132813,
             0.0234375, 0.193359375, 0.569335938, 0.213867188,
             0.0986328125, 0.780273438, 0.0009765625, 0.120117188,
             0.104492188, 0.244140625, 0.471679688, 0.1796875 ]
      - !!opencv-matrix
         rows: 1
         cols: 144
         dt: f
         data: [ 0.171875, 0.225585938, 0.29296875, 0.309570313,
             0.001953125, 0.346679688, 0.509765625, 0.141601563, 0.0625,
             0.682617188, 0.080078125, 0.174804688, 0.0322265625,
             0.0126953125, 0.8828125, 0.072265625, 0., 0., 0.991210938,
             0.0087890625, 0.204101563, 0.202148438, 0.303710938,
             0.290039063, 0.041015625, 0.268554688, 0.509765625,
             0.180664063, 0.102539063, 0.68359375, 0.158203125,
             0.0556640625, 0.154296875, 0.298828125, 0.325195313,
             0.221679688, 0.1328125, 0.401367188, 0.305664063,
             0.16015625, 0.0390625, 0.0546875, 0.827148438, 0.0791015625,
             0.0908203125, 0.396484375, 0.216796875, 0.295898438,
             0.0458984375, 0.782226563, 0.0693359375, 0.102539063,
             0.060546875, 0.21484375, 0.5234375, 0.201171875,
