%YAML:1.0
---
opencv_lbphfaces:
   threshold: 30.
   radius: 2
   neighbors: 2
   grid_x: 5
   grid_y: 5
   histograms:
      - !!opencv-matrix
         rows: 1
         cols: 100
         dt: f
         data: [ 0.157790929, 0.383300483, 0.203155831, 0.255752802,
             0.130834982, 0.462853402, 0.234056547, 0.172255099,
             0.163050637, 0.348454982, 0.195923746, 0.29257068,
             0.17882973, 0.398422122, 0.155818552, 0.266929656,
             0.0348454975, 0.0604865253, 0.575279474, 0.329388589,
             0.216305077, 0.312952012, 0.184746891, 0.285996079,
             0.134122297, 0.472057879, 0.228139386, 0.165680483,
             0.106508881, 0.52859962, 0.162393168, 0.202498361,
             0.117685735, 0.427350432, 0.291255772, 0.163708091,
             0.00788954645, 0.00788954645, 0.619329393, 0.364891529,
             0.0637738332, 0.0302432626, 0.496383965, 0.409598976,
             0.165680483, 0.276791602, 0.314924419, 0.242603555,
             0.0999342576, 0.433267593, 0.25706774, 0.209730446,
             0.0979618728, 0.602235377, 0.16765286, 0.132149905,
             0.0532544404, 0.234056547, 0.162393168, 0.550295889,
             0.035502959, 0.0249835644, 0.483892202, 0.455621332,
             0.120315589, 0.43589744, 0.266272187, 0.177514806,
             0.145299152, 0.314924419, 0.308349788, 0.231426701,
             0.140039459, 0.487179518, 0.180144653, 0.19263643,
             0.0788954645, 0.257725179, 0.118343197, 0.545036197,
             0.0966469496, 0.147271544, 0.439184755, 0.316896796,
             0.190006584, 0.214990154, 0.353714675, 0.241288632,
             0.205785677, 0.26429981, 0.239973709, 0.289940834,
             0.15384616, 0.531886935, 0.0907297879, 0.223537162,
             0.172255099, 0.199868515, 0.291255772, 0.336620659 ]
      - !!opencv-matrix
         rows: 1
         cols: 100
         dt: f
         data: [ 0.0348454975, 0.0565417521, 0.21104537, 0.697567403,
             0.018408943, 0.00394477323, 0.466798186, 0.510848165,
             0.0861275494, 0.176857337, 0.433925062, 0.303090096,
             0.0677186102, 0.577251852, 0.0322156474, 0.322813958,
             0.0565417521, 0.108481266, 0.309007257, 0.525969803,
             0.131492451, 0.283366233, 0.23537147, 0.34976989,
             0.0723208413, 0.0927021727, 0.415516138, 0.419460893,
             0.12491782, 0.447731763, 0.255752802, 0.171597645,
             0.112426043, 0.213017762, 0.439184755, 0.23537147,
             0.120973051, 0.276134133, 0.337935597, 0.264957279,
             0.147928998, 0.281393826, 0.268244594, 0.302432626,
             0.136752144, 0.138724536, 0.343852729, 0.380670637,
             0.126890212, 0.463510871, 0.238001332, 0.171597645,
             0.147271544, 0.218277454, 0.418145984, 0.216305077,
             0.117685735, 0.316896796, 0.329388589, 0.236028939,
             0.170940176, 0.308349788, 0.228139386, 0.29257068,
             0.0927021727, 0.053911902, 0.375410944, 0.477975041,
             0.165023014, 0.326758713, 0.253780425, 0.254437894,
             0.170282722, 0.222879693, 0.413543731, 0.193293899,
             0.0946745574, 0.301775157, 0.368178844, 0.23537147,
             0.140039459, 0.454306394, 0.166995406, 0.238658786,
             0.0966469496, 0.289940834, 0.274161756, 0.339250505,
             0.0710059181, 0.0571992137, 0.725838304, 0.145956621,
             0.103221565, 0.627876401, 0.053911902, 0.214990154,
             0.074950695, 0.277449071, 0.358974367, 0.288625926 ]
      - !!opencv-matrix
         rows: 1
         cols: 100
         dt: f
         data: [ 0.0262984894, 0.025641026, 0.137409598, 0.810650945,
             0.0387902707, 0.289283365, 0.198553592, 0.473372787,
             0.0657462254, 0.282708764, 0.222222239, 0.429322839,
             0.0157790929, 0.00920447148, 0.589086175, 0.38593033,
             0.026955951, 0.13543722, 0.532544374, 0.305062473,
             0.0157790929, 0.0230111778, 0.130177528, 0.831032276,
             0.0578566752, 0.159763321, 0.34976989, 0.432610154,
             0.118343197, 0.265614748, 0.480604887, 0.13543722,
             0.0499671288, 0.134779751, 0.29980278, 0.515450358,
             0.0177514795, 0.160420775, 0.468113095, 0.353714675,
             0.0177514795, 0.0407626592, 0.18211703, 0.759368896,
             0.0611439869, 0.170282722, 0.384615391, 0.383957952,
             0.194608822, 0.257725179, 0.329388589, 0.218277454,
             0.0315581858, 0.289283365, 0.281393826, 0.397764653,
             0.0170940179, 0.205128208, 0.412228823, 0.365548998,
             0.0683760718, 0.215647608, 0.290598303, 0.425378054,
             0.136094674, 0.213675216, 0.445101917, 0.205128208,
             0.105193958, 0.280736357, 0.465483248, 0.148586467,
             0.0762656182, 0.53583169, 0.216962531, 0.170940176,
             0.0289283376, 0.239973709, 0.39973703, 0.331360966,
             0.0328731127, 0.416173577, 0.305719942, 0.245233417,
             0.0834977031, 0.260355055, 0.510848165, 0.145299152,
             0.0815253183, 0.203155831, 0.410913885, 0.304405004,
             0.0834977031, 0.348454982, 0.417488515, 0.150558844,
             0.0401051939, 0.305719942, 0.32149902, 0.332675874 ]
      - !!opencv-matrix
         rows: 1
         cols: 100
         dt: f
         data: [ 0.0598290637, 0.662064433, 0.0151216313, 0.262984902,
             0.0585141368, 0.55687052, 0.0151216313, 0.369493783,
             0.0644312948, 0.436554909, 0.369493783, 0.129520059,
             0.0690335333, 0.128205135, 0.527942181, 0.274819195,
             0.0808678567, 0.151873767, 0.404339254, 0.362919152,
             0.0631163716, 0.701512218, 0.00657462236, 0.228796855,
             0.0447074324, 0.661406994, 0.103879035, 0.190006584,
             0.175542414, 0.322813958, 0.293885618, 0.207758069,
             0.06245891, 0.176857337, 0.588428676, 0.172255099,
             0.101249181, 0.114398427, 0.540433943, 0.243918478,
             0.0394477323, 0.614727199, 0.0236686394, 0.322156489,
             0.0558842905, 0.680473387, 0.102564104, 0.161078244,
             0.216962531, 0.303747535, 0.242603555, 0.236686394,
             0.13543722, 0.176857337, 0.519395173, 0.168310329,
             0.176857337, 0.179487184, 0.439842224, 0.203813285,
             0.0473372787, 0.627218962, 0.0216962527, 0.303747535,
             0.0394477323, 0.8428666, 0.00854700897, 0.109138727,
             0.175542414, 0.291255772, 0.312294543, 0.220907301,
             0.197238669, 0.243918478, 0.358316898, 0.200525984,
             0.130834982, 0.229454309, 0.460223556, 0.179487184,
             0.0710059181, 0.431952685, 0.0368178859, 0.460223556,
             0.13543722, 0.58579886, 0.0571992137, 0.22156477,
             0.108481266, 0.241288632, 0.344510198, 0.305719942,
             0.159763321, 0.243261024, 0.356344521, 0.240631178,
             0.0821827799, 0.028270876, 0.725180805, 0.16436556 ]
      - !!opencv-matrix
         rows: 1
         cols: 100
         dt: f
         data: [ 0.120973051, 0.31426695, 0.11571335, 0.449046701,
             0.101906642, 0.658119678, 0.0710059181, 0.168967798,
             0.130834982, 0.501643658, 0.157133475, 0.210387915,
             0.128205135, 0.184746891, 0.486522049, 0.200525984,
             0.0644312948, 0.401709408, 0.287968457, 0.245890871,
             0.026955951, 0.380670637, 0.00788954645, 0.584483922,
             0.140039459, 0.243261024, 0.318211704, 0.298487842,
             0.140696913, 0.366206467, 0.270874441, 0.222222239,
             0.14990139, 0.37869823, 0.268902063, 0.202498361,
             0.0447074324, 0.0611439869, 0.75016439, 0.143984228,
             0.0322156474, 0.261012495, 0.0460223556, 0.660749555,
             0.11571335, 0.226824462, 0.362261683, 0.295200527,
             0.147928998, 0.380670637, 0.262327433, 0.209072992,
             0.178172261, 0.380670637, 0.163050637, 0.278106511,
