%YAML:1.0
---
opencv_lbphfaces:
   threshold: 30.
   radius: 2
   neighbors: 2
   grid_x: 5
   grid_y: 5
   histograms:
      - !!opencv-matrix
         rows: 1
         cols: 100
         dt: f
         data: [ 0.0795529261, 0.486522049, 0.0170940179, 0.416831046,
             0.0414201207, 0.364891529, 0.149243921, 0.444444478,
             0.0657462254, 0.187376738, 0.193951353, 0.552925706,
             0.109796189, 0.199211061, 0.325443804, 0.365548998,
             0.053911902, 0.0999342576, 0.67850101, 0.16765286,
             0.0644312948, 0.357659459, 0.0223537162, 0.555555582,
             0.099276796, 0.355687052, 0.201840907, 0.343195289,
             0.133464828, 0.337278128, 0.31426695, 0.214990154,
             0.137409598, 0.284681141, 0.351084828, 0.226824462,
             0.0506245904, 0.238658786, 0.468770564, 0.241946101,
             0.0736357719, 0.265614748, 0.0506245904, 0.610124946,
             0.0999342576, 0.352399766, 0.24654834, 0.301117688,
             0.12491782, 0.380013168, 0.281393826, 0.213675216,
             0.0802103877, 0.146614075, 0.343852729, 0.429322839,
             0.0394477323, 0.0775805414, 0.723865926, 0.159105852,
             0.078238003, 0.291913241, 0.0940170959, 0.53583169,
             0.0927021727, 0.260355055, 0.188691661, 0.458251178,
             0.118343197, 0.343852729, 0.186719269, 0.351084828,
             0.0874424726, 0.0552268252, 0.369493783, 0.487836957,
             0.0276134126, 0.0427350439, 0.804076314, 0.125575289,
             0.0710059181, 0.267587125, 0.0880999416, 0.573307037,
             0.0959894881, 0.36423406, 0.168310329, 0.37146616,
             0.113740966, 0.293885618, 0.253122956, 0.339250505,
             0.0940170959, 0.245233417, 0.202498361, 0.458251178,
             0.0644312948, 0.0447074324, 0.641683102, 0.249178186 ]
      - !!opencv-matrix
         rows: 1
         cols: 100
         dt: f
         data: [ 0.0236686394, 0.0466798171, 0.0328731127, 0.896778464,
             0.0834977031, 0.33596319, 0.0328731127, 0.547666013,
             0.111111119, 0.175542414, 0.291255772, 0.422090739,
             0.0973044112, 0.163708091, 0.283366233, 0.455621332,
             0.130834982, 0.145299152, 0.175542414, 0.548323512,
             0.0729783103, 0.239973709, 0.154503629, 0.532544374,
             0.0834977031, 0.295857996, 0.226824462, 0.393819869,
             0.0644312948, 0.345167667, 0.273504287, 0.316896796,
             0.11571335, 0.143326759, 0.327416182, 0.413543731,
             0.151873767, 0.170940176, 0.171597645, 0.505588472,
             0.0170940179, 0.0190664046, 0.0262984894, 0.937541127,
             0.0973044112, 0.406311661, 0.0861275494, 0.410256416,
             0.0683760718, 0.190006584, 0.466798186, 0.274819195,
             0.118343197, 0.0973044112, 0.360289305, 0.424063146,
             0.12491782, 0.187376738, 0.170940176, 0.516765296,
             0.0795529261, 0.0585141368, 0.0894148648, 0.772518098,
             0.0729783103, 0.291255772, 0.209072992, 0.426692992,
             0.16436556, 0.255752802, 0.294543087, 0.28533861,
             0.102564104, 0.0460223556, 0.266272187, 0.585141361,
             0.145299152, 0.226824462, 0.148586467, 0.479289949,
             0.0460223556, 0.150558844, 0.0374753475, 0.765943468,
             0.0959894881, 0.241946101, 0.151873767, 0.510190666,
             0.12886259, 0.228139386, 0.205785677, 0.437212378,
             0.051282052, 0.0164365564, 0.376725852, 0.555555582,
             0.151216313, 0.218277454, 0.117028274, 0.513477981 ]
   labels: !!opencv-matrix
      rows: 2
      cols: 1
      dt: i
      data: [ 0, 1 ]
   labelsInfo:
      []
